HPLT,M,J,ChatGPT,Claude,Gemini,Grok,,CCMatrix,M,J,ChatGPT,Claude,Gemini,Grok,,QED,M,J,ChatGPT,Claude,Gemini,Grok
M,1,0.44,0.19,0.33,0.41,0.36,,M,1,1,1,1,1,0,,M,1,0.33,-0.08,0.08,0.38,0.11
J,0.44,1,0.37,0.51,0.67,0.61,,J,1,1,1,1,1,0,,J,0.33,1,-0.08,0,0.22,0.13
ChatGPT,0.19,0.37,1,0.69,0.68,0.54,,ChatGPT,1,1,1,1,1,0,,ChatGPT,-0.08,-0.08,1,0.09,0.09,0.12
Claude,0.33,0.51,0.69,1,0.76,0.77,,Claude,1,1,1,1,1,0,,Claude,0.08,0,0.09,1,0.39,0.35
Gemini,0.41,0.67,0.68,0.76,1,0.85,,Gemini,1,1,1,1,1,0,,Gemini,0.38,0.22,0.09,0.39,1,0.27
Grok,0.36,0.61,0.54,0.77,0.85,1,,Grok,0,0,0,0,0,1,,Grok,0.11,0.13,0.12,0.35,0.27,1
